['PommeFFACompetition-v0', 'PommeFFACompetitionFast-v0', 'PommeFFAFast-v0', 'PommeFFA-v1', 'OneVsOne-v0', 'PommeRadioCompetition-v2', 'PommeRadio-v2', 'PommeTeamCompetition-v0', 'PommeTeamCompetitionFast-v0', 'PommeTeamCompetition-v1', 'PommeTeam-v0', 'PommeTeamFast-v0']
[[0, 0], [1, 0], [2, 0], [3, 0], [4, 0], [5, 0]]
[0, 1, 2, 3, 4, 5]
[[0, 0], [1, 0], [2, 0], [3, -inf], [4, 0], [5, 0]]
[0, 1, 2, 4, 5]
[[0, 0], [1, -inf], [2, 0], [3, -inf], [4, 0], [5, 0]]
[0, 2, 4, 5]
[[0, 0], [1, 0], [2, 0], [3, -inf], [4, 0], [5, 0]]
[0, 1, 2, 4, 5]
[[0, 0], [1, 0], [2, 0], [3, -inf], [4, 0], [5, 0]]
[0, 1, 2, 4, 5]
[[0, 0], [1, 0], [2, 0], [3, 0], [4, 0], [5, 0]]
[0, 1, 2, 3, 4, 5]
[[0, 0], [1, 0], [2, 0], [3, 0], [4, 0], [5, 0]]
[0, 1, 2, 3, 4, 5]
[[0, 0], [1, 0], [2, 0], [3, 0], [4, 0], [5, 0]]
[0, 1, 2, 3, 4, 5]
[[0, 0], [1, 0], [2, 0], [3, 0], [4, 0], [5, 0]]
[0, 1, 2, 3, 4, 5]
[[0, 0], [1, 0], [2, 0], [3, 0], [4, 0], [5, 0]]
[0, 1, 2, 3, 4, 5]
[[0, -9], [1, 0], [2, 0], [3, -inf], [4, -10], [5, -9]]
[1, 2]
[[0, 0], [1, -9], [2, -inf], [3, -inf], [4, -9], [5, 0]]
[0, 5]
[[0, 0], [1, -9], [2, -inf], [3, -inf], [4, -9], [5, 0]]
[0, 5]
[[0, 0], [1, -9], [2, -inf], [3, -inf], [4, -9], [5, 0]]
[0, 5]
[[0, 0], [1, -9], [2, -inf], [3, -inf], [4, -9], [5, 0]]
[0, 5]
[[0, 0], [1, -9], [2, -inf], [3, -inf], [4, -9], [5, 0]]
[0, 5]
[[0, 0], [1, -9], [2, -inf], [3, -inf], [4, -9], [5, 0]]
[0, 5]
[[0, 0], [1, -10], [2, -inf], [3, -inf], [4, -10], [5, 0]]
[0, 5]
[[0, 0], [1, -10], [2, -inf], [3, -inf], [4, -10], [5, 0]]
[0, 5]
[[0, 0], [1, -10], [2, -inf], [3, -inf], [4, -10], [5, 0]]
[0, 5]
[[0, 0], [1, 0], [2, -inf], [3, -inf], [4, 0], [5, 0]]
[0, 1, 4, 5]
[[0, 0], [1, 0], [2, -inf], [3, -inf], [4, 0], [5, 0]]
[0, 1, 4, 5]
[[0, -9], [1, 0], [2, 0], [3, -10], [4, -8], [5, -9]]
[1, 2]
[[0, 0], [1, 0], [2, -9], [3, -9], [4, 0], [5, 0]]
[0, 1, 4, 5]
[[0, 0], [1, 0], [2, -9], [3, -9], [4, 0], [5, 0]]
[0, 1, 4, 5]
[[0, 0], [1, 0], [2, -9], [3, -9], [4, 0], [5, 0]]
[0, 1, 4, 5]
[[0, 0], [1, 0], [2, -9], [3, -9], [4, 0], [5, 0]]
[0, 1, 4, 5]
[[0, 0], [1, 0], [2, -9], [3, -9], [4, 0], [5, 0]]
[0, 1, 4, 5]
[[0, 0], [1, -inf], [2, 0], [3, 0], [4, 0], [5, 0]]
[0, 2, 3, 4, 5]
[[0, 0], [1, -inf], [2, 0], [3, 0], [4, -inf], [5, 0]]
[0, 2, 3, 5]
[[0, 0], [1, -inf], [2, 0], [3, 0], [4, -inf], [5, 0]]
[0, 2, 3, 5]
[[0, -9], [1, -inf], [2, 0], [3, -8], [4, -10], [5, -9]]
[2]
[[0, 0], [1, -9], [2, 0], [3, 0], [4, -9], [5, 0]]
[0, 2, 3, 5]
[[0, 0], [1, -9], [2, 0], [3, 0], [4, -9], [5, 0]]
[0, 2, 3, 5]
[[0, 0], [1, -9], [2, 0], [3, 0], [4, -9], [5, 0]]
[0, 2, 3, 5]
[[0, 0], [1, -8], [2, 0], [3, -inf], [4, 0], [5, 0]]
[0, 2, 4, 5]
[[0, 0], [1, -8], [2, 0], [3, -inf], [4, 0], [5, 0]]
[0, 2, 4, 5]
[[0, 0], [1, -8], [2, 0], [3, -inf], [4, 0], [5, 0]]
[0, 2, 4, 5]
[[0, 0], [1, 0], [2, -inf], [3, -inf], [4, 0], [5, 0]]
[0, 1, 4, 5]
[[0, 0], [1, 0], [2, 0], [3, 0], [4, 0], [5, 0]]
[0, 1, 2, 3, 4, 5]
[[0, 0], [1, -10], [2, -inf], [3, 0], [4, -inf], [5, 0]]
[0, 3, 5]
[[0, 0], [1, 0], [2, 0], [3, 0], [4, 0], [5, 0]]
[0, 1, 2, 3, 4, 5]
[[0, 0], [1, 0], [2, -inf], [3, 0], [4, -inf], [5, 0]]
[0, 1, 3, 5]
[[0, 0], [1, 0], [2, 0], [3, 0], [4, 0], [5, 0]]
[0, 1, 2, 3, 4, 5]
[[0, 0], [1, -inf], [2, -inf], [3, 0], [4, -inf], [5, 0]]
[0, 3, 5]
[[0, 0], [1, -inf], [2, -inf], [3, 0], [4, -inf], [5, 0]]
[0, 3, 5]
[[0, 0], [1, 0], [2, 0], [3, 0], [4, 0], [5, 0]]
[0, 1, 2, 3, 4, 5]
[[0, 0], [1, 0], [2, -inf], [3, 0], [4, -inf], [5, 0]]
[0, 1, 3, 5]
[[0, 0], [1, 0], [2, -inf], [3, 0], [4, -inf], [5, 0]]
[0, 1, 3, 5]
[[0, 0], [1, 0], [2, -inf], [3, 0], [4, -inf], [5, 0]]
[0, 1, 3, 5]
[[0, -9], [1, 0], [2, 0], [3, -8], [4, -10], [5, -9]]
[1, 2]
[[0, 0], [1, 0], [2, -9], [3, 0], [4, -9], [5, 0]]
[0, 1, 3, 5]
[[0, 0], [1, 0], [2, -9], [3, 0], [4, -9], [5, 0]]
[0, 1, 3, 5]
[[0, 0], [1, 0], [2, -9], [3, 0], [4, -9], [5, 0]]
[0, 1, 3, 5]
[[0, 0], [1, -inf], [2, 0], [3, 0], [4, -8], [5, 0]]
[0, 2, 3, 5]
[[0, 0], [1, -inf], [2, 0], [3, 0], [4, -8], [5, 0]]
[0, 2, 3, 5]
[[0, 0], [1, -inf], [2, 0], [3, 0], [4, -8], [5, 0]]
[0, 2, 3, 5]
[[0, 0], [1, -inf], [2, 0], [3, -inf], [4, 0], [5, 0]]
[0, 2, 4, 5]
[[0, 0], [1, -inf], [2, 0], [3, -inf], [4, 0], [5, 0]]
[0, 2, 4, 5]
[[0, 0], [1, -inf], [2, 0], [3, 0], [4, 0], [5, 0]]
[0, 2, 3, 4, 5]
[[0, 0], [1, -inf], [2, 0], [3, 0], [4, 0], [5, 0]]
[0, 2, 3, 4, 5]
[[0, 0], [1, -inf], [2, 0], [3, 0], [4, -inf], [5, 0]]
[0, 2, 3, 5]
[[0, 0], [1, -inf], [2, 0], [3, 0], [4, -inf], [5, 0]]
[0, 2, 3, 5]
[[0, 0], [1, -inf], [2, 0], [3, 0], [4, -inf], [5, 0]]
[0, 2, 3, 5]
[[0, -9], [1, -inf], [2, 0], [3, -8], [4, -10], [5, -9]]
[2]
[[0, 0], [1, -9], [2, 0], [3, 0], [4, -9], [5, 0]]
[0, 2, 3, 5]
[[0, 0], [1, -9], [2, 0], [3, 0], [4, -9], [5, 0]]
[0, 2, 3, 5]
[[0, 0], [1, -9], [2, 0], [3, 0], [4, -9], [5, 0]]
[0, 2, 3, 5]
[[0, 0], [1, -9], [2, 0], [3, 0], [4, -9], [5, 0]]
[0, 2, 3, 5]
[[0, 0], [1, 0], [2, 0], [3, 0], [4, -8], [5, 0]]
[0, 1, 2, 3, 5]
[[0, 0], [1, 0], [2, -inf], [3, -inf], [4, 0], [5, 0]]
[0, 1, 4, 5]
[[0, 0], [1, 0], [2, -inf], [3, -inf], [4, 0], [5, 0]]
[0, 1, 4, 5]
[[0, 0], [1, 0], [2, -inf], [3, -inf], [4, 0], [5, 0]]
[0, 1, 4, 5]
[[0, 0], [1, 0], [2, -inf], [3, -inf], [4, 0], [5, 0]]
[0, 1, 4, 5]
[[0, 0], [1, 0], [2, -inf], [3, -inf], [4, 0], [5, 0]]
[0, 1, 4, 5]
[[0, 0], [1, 0], [2, -inf], [3, -inf], [4, 0], [5, 0]]
[0, 1, 4, 5]
[[0, -9], [1, -8], [2, -10], [3, -inf], [4, 0], [5, -9]]
[4]
[[0, 0], [1, 0], [2, -9], [3, -9], [4, 0], [5, 0]]
[0, 1, 4, 5]
[[0, 0], [1, -inf], [2, 0], [3, -8], [4, 0], [5, 0]]
[0, 2, 4, 5]
[[0, 0], [1, -inf], [2, 0], [3, -8], [4, 0], [5, 0]]
[0, 2, 4, 5]
[[0, 0], [1, 0], [2, -9], [3, -9], [4, 0], [5, 0]]
[0, 1, 4, 5]
[[0, 0], [1, -inf], [2, 0], [3, -8], [4, 0], [5, 0]]
[0, 2, 4, 5]
[[0, 0], [1, -inf], [2, 0], [3, 0], [4, 0], [5, 0]]
[0, 2, 3, 4, 5]
[[0, 0], [1, 0], [2, -10], [3, -10], [4, 0], [5, 0]]
[0, 1, 4, 5]
[[0, 0], [1, -inf], [2, 0], [3, 0], [4, 0], [5, 0]]
[0, 2, 3, 4, 5]
[[0, 0], [1, 0], [2, 0], [3, 0], [4, 0], [5, 0]]
[0, 1, 2, 3, 4, 5]
[[0, 0], [1, 0], [2, 0], [3, 0], [4, 0], [5, 0]]
[0, 1, 2, 3, 4, 5]
[[0, 0], [1, 0], [2, -inf], [3, 0], [4, -inf], [5, 0]]
[0, 1, 3, 5]
[[0, 0], [1, 0], [2, -inf], [3, 0], [4, -inf], [5, 0]]
[0, 1, 3, 5]
[[0, 0], [1, 0], [2, -inf], [3, 0], [4, -inf], [5, 0]]
[0, 1, 3, 5]
[[0, 0], [1, 0], [2, -inf], [3, 0], [4, -inf], [5, 0]]
[0, 1, 3, 5]
[[0, -9], [1, -8], [2, -10], [3, 0], [4, 0], [5, -9]]
[3, 4]
[[0, 0], [1, 0], [2, -9], [3, 0], [4, -9], [5, 0]]
[0, 1, 3, 5]
[[0, 0], [1, 0], [2, -9], [3, 0], [4, -9], [5, 0]]
[0, 1, 3, 5]
[[0, 0], [1, 0], [2, -8], [3, -inf], [4, 0], [5, 0]]
[0, 1, 4, 5]
[[0, 0], [1, 0], [2, -8], [3, -inf], [4, 0], [5, 0]]
[0, 1, 4, 5]
[[0, 0], [1, -inf], [2, 0], [3, -inf], [4, 0], [5, 0]]
[0, 2, 4, 5]
[[0, 0], [1, -inf], [2, 0], [3, -inf], [4, 0], [5, 0]]
[0, 2, 4, 5]
[[0, 0], [1, -inf], [2, 0], [3, -inf], [4, 0], [5, 0]]
[0, 2, 4, 5]
[[0, 0], [1, 0], [2, 0], [3, -inf], [4, 0], [5, 0]]
[0, 1, 2, 4, 5]
[[0, 0], [1, 0], [2, -inf], [3, -inf], [4, 0], [5, 0]]
[0, 1, 4, 5]
[[0, 0], [1, 0], [2, -inf], [3, -inf], [4, 0], [5, 0]]
[0, 1, 4, 5]
[[0, 0], [1, 0], [2, 0], [3, 0], [4, 0], [5, 0]]
[0, 1, 2, 3, 4, 5]
[[0, 0], [1, 0], [2, -inf], [3, -inf], [4, 0], [5, 0]]
[0, 1, 4, 5]
[[0, 0], [1, 0], [2, -inf], [3, -inf], [4, 0], [5, 0]]
[0, 1, 4, 5]
[[0, 0], [1, 0], [2, -inf], [3, -inf], [4, 0], [5, 0]]
[0, 1, 4, 5]
[[0, 0], [1, 0], [2, -inf], [3, -inf], [4, 0], [5, 0]]
[0, 1, 4, 5]
[[0, 0], [1, 0], [2, -inf], [3, -inf], [4, 0], [5, 0]]
[0, 1, 4, 5]
[[0, -9], [1, -8], [2, -10], [3, -inf], [4, 0], [5, -9]]
[4]
[[0, 0], [1, 0], [2, -9], [3, -9], [4, 0], [5, 0]]
[0, 1, 4, 5]
[[0, 0], [1, 0], [2, -9], [3, -9], [4, 0], [5, 0]]
[0, 1, 4, 5]
[[0, 0], [1, -inf], [2, 0], [3, -8], [4, 0], [5, 0]]
[0, 2, 4, 5]
[[0, 0], [1, -inf], [2, 0], [3, 0], [4, -inf], [5, 0]]
[0, 2, 3, 5]
[[0, 0], [1, 0], [2, -8], [3, 0], [4, 0], [5, 0]]
[0, 1, 3, 4, 5]
[[0, 0], [1, 0], [2, -9], [3, -9], [4, 0], [5, 0]]
[0, 1, 4, 5]
[[0, 0], [1, 0], [2, -10], [3, -10], [4, 0], [5, 0]]
[0, 1, 4, 5]
[[0, 0], [1, -inf], [2, 0], [3, 0], [4, 0], [5, 0]]
[0, 2, 3, 4, 5]
[[0, 0], [1, -inf], [2, 0], [3, 0], [4, 0], [5, 0]]
[0, 2, 3, 4, 5]
[[0, 0], [1, -inf], [2, 0], [3, 0], [4, 0], [5, 0]]
[0, 2, 3, 4, 5]
[[0, -9], [1, -10], [2, -8], [3, 0], [4, 0], [5, -9]]
[3, 4]
[[0, 0], [1, -9], [2, 0], [3, -inf], [4, -9], [5, 0]]
[0, 2, 5]
[[0, 0], [1, 0], [2, -inf], [3, -inf], [4, -8], [5, 0]]
[0, 1, 5]
[[0, 0], [1, -9], [2, 0], [3, -inf], [4, -9], [5, 0]]
[0, 2, 5]
[[0, 0], [1, 0], [2, -inf], [3, -inf], [4, -8], [5, 0]]
[0, 1, 5]
[[0, 0], [1, 0], [2, -inf], [3, -inf], [4, -8], [5, 0]]
[0, 1, 5]
[[0, 0], [1, -9], [2, 0], [3, -inf], [4, -9], [5, 0]]
[0, 2, 5]
[[0, 0], [1, 0], [2, -inf], [3, -inf], [4, 0], [5, 0]]
[0, 1, 4, 5]
[[0, 0], [1, -10], [2, 0], [3, 0], [4, 0], [5, 0]]
[0, 2, 3, 4, 5]
[[0, 0], [1, -10], [2, 0], [3, 0], [4, 0], [5, 0]]
[0, 2, 3, 4, 5]
[[0, 0], [1, 0], [2, 0], [3, 0], [4, 0], [5, 0]]
[0, 1, 2, 3, 4, 5]
[[0, 0], [1, 0], [2, -inf], [3, 0], [4, -inf], [5, 0]]
[0, 1, 3, 5]
[[0, 0], [1, 0], [2, 0], [3, 0], [4, 0], [5, 0]]
[0, 1, 2, 3, 4, 5]
[[0, 0], [1, 0], [2, -inf], [3, -inf], [4, -inf], [5, 0]]
[0, 1, 5]
[[0, 0], [1, 0], [2, 0], [3, 0], [4, 0], [5, 0]]
[0, 1, 2, 3, 4, 5]
[[0, 0], [1, 0], [2, -inf], [3, -inf], [4, 0], [5, 0]]
[0, 1, 4, 5]
[[0, 0], [1, 0], [2, -inf], [3, -inf], [4, 0], [5, 0]]
[0, 1, 4, 5]
[[0, 0], [1, 0], [2, 0], [3, 0], [4, 0], [5, 0]]
[0, 1, 2, 3, 4, 5]
[[0, 0], [1, 0], [2, 0], [3, 0], [4, 0], [5, 0]]
[0, 1, 2, 3, 4, 5]
[[0, -9], [1, 0], [2, -inf], [3, -10], [4, -inf], [5, -9]]
[1]
[[0, 0], [1, 0], [2, -9], [3, -9], [4, 0], [5, 0]]
[0, 1, 4, 5]
[[0, 0], [1, -inf], [2, 0], [3, -8], [4, -inf], [5, 0]]
[0, 2, 5]
[[0, 0], [1, 0], [2, -9], [3, -9], [4, 0], [5, 0]]
[0, 1, 4, 5]
[[0, 0], [1, 0], [2, -9], [3, -9], [4, 0], [5, 0]]
[0, 1, 4, 5]
[[0, 0], [1, -inf], [2, 0], [3, -8], [4, -inf], [5, 0]]
[0, 2, 5]
[[0, 0], [1, 0], [2, -9], [3, -9], [4, 0], [5, 0]]
[0, 1, 4, 5]
[[0, 0], [1, 0], [2, -9], [3, -9], [4, 0], [5, 0]]
[0, 1, 4, 5]
[[0, 0], [1, -inf], [2, 0], [3, 0], [4, -inf], [5, 0]]
[0, 2, 3, 5]
[[0, 0], [1, 0], [2, -10], [3, -10], [4, 0], [5, 0]]
[0, 1, 4, 5]
[[0, 0], [1, 0], [2, -10], [3, -10], [4, 0], [5, 0]]
[0, 1, 4, 5]
[[0, 0], [1, 0], [2, 0], [3, 0], [4, 0], [5, 0]]
[0, 1, 2, 3, 4, 5]
[[0, -12], [1, -10], [2, -inf], [3, -2], [4, -inf], [5, -12]]
[3]
[[0, -2], [1, -9], [2, 0], [3, -1], [4, -12], [5, -2]]
[2]
[[0, 0], [1, -2], [2, -inf], [3, -inf], [4, -inf], [5, 0]]
[0, 5]
[[0, 0], [1, -2], [2, -inf], [3, -inf], [4, -inf], [5, 0]]
[0, 5]
[[0, 0], [1, -2], [2, -inf], [3, -inf], [4, -inf], [5, 0]]
[0, 5]
[[0, 0], [1, -2], [2, -inf], [3, -inf], [4, -inf], [5, 0]]
[0, 5]
[[0, 0], [1, -2], [2, -inf], [3, -inf], [4, -inf], [5, 0]]
[0, 5]
[[0, 0], [1, -2], [2, -inf], [3, -inf], [4, -inf], [5, 0]]
[0, 5]
[[0, 0], [1, 0], [2, -inf], [3, -inf], [4, -inf], [5, 0]]
[0, 1, 5]
[[0, 0], [1, 0], [2, -inf], [3, -inf], [4, -inf], [5, 0]]
[0, 1, 5]
[[0, 0], [1, -10], [2, 0], [3, 0], [4, -10], [5, 0]]
[0, 2, 3, 5]
[[0, 0], [1, 0], [2, -inf], [3, -inf], [4, -inf], [5, 0]]
[0, 1, 5]
[[0, 0], [1, 0], [2, -inf], [3, -inf], [4, -inf], [5, 0]]
[0, 1, 5]
[[0, 0], [1, 0], [2, -inf], [3, -inf], [4, -inf], [5, 0]]
[0, 1, 5]
[[0, 0], [1, 0], [2, -inf], [3, -inf], [4, -inf], [5, 0]]
[0, 1, 5]
[[0, 0], [1, 0], [2, -inf], [3, -inf], [4, -inf], [5, 0]]
[0, 1, 5]
[[0, -9], [1, -8], [2, -10], [3, 0], [4, 0], [5, -9]]
[3, 4]
[[0, 0], [1, 0], [2, -inf], [3, -inf], [4, -9], [5, 0]]
[0, 1, 5]
[[0, 0], [1, 0], [2, -inf], [3, -inf], [4, -9], [5, 0]]
[0, 1, 5]
[[0, 0], [1, 0], [2, -inf], [3, -inf], [4, -9], [5, 0]]
[0, 1, 5]
[[0, 0], [1, 0], [2, -inf], [3, -inf], [4, -9], [5, 0]]
[0, 1, 5]
[[0, 0], [1, 0], [2, 0], [3, -inf], [4, -8], [5, 0]]
[0, 1, 2, 5]
[[0, 0], [1, 0], [2, 0], [3, -inf], [4, 0], [5, 0]]
[0, 1, 2, 4, 5]
[[0, 0], [1, 0], [2, 0], [3, -inf], [4, 0], [5, 0]]
[0, 1, 2, 4, 5]
[[0, 0], [1, -inf], [2, 0], [3, -inf], [4, 0], [5, 0]]
[0, 2, 4, 5]
[[0, 0], [1, -inf], [2, 0], [3, -inf], [4, 0], [5, 0]]
[0, 2, 4, 5]
[[0, 0], [1, -inf], [2, 0], [3, -inf], [4, 0], [5, 0]]
[0, 2, 4, 5]
[[0, 0], [1, -inf], [2, 0], [3, -inf], [4, 0], [5, 0]]
[0, 2, 4, 5]
[[0, -9], [1, -inf], [2, 0], [3, -10], [4, -8], [5, -9]]
[2]
[[0, 0], [1, -9], [2, 0], [3, -9], [4, 0], [5, 0]]
[0, 2, 4, 5]
[[0, 0], [1, 0], [2, 0], [3, -8], [4, 0], [5, 0]]
[0, 1, 2, 4, 5]
[[0, 0], [1, -9], [2, 0], [3, -9], [4, 0], [5, 0]]
[0, 2, 4, 5]
[[0, 0], [1, -8], [2, 0], [3, 0], [4, 0], [5, 0]]
[0, 2, 3, 4, 5]
[[0, 0], [1, -8], [2, 0], [3, 0], [4, 0], [5, 0]]
[0, 2, 3, 4, 5]
[[0, 0], [1, -9], [2, 0], [3, -9], [4, 0], [5, 0]]
[0, 2, 4, 5]
[[0, 0], [1, 0], [2, 0], [3, 0], [4, 0], [5, 0]]
[0, 1, 2, 3, 4, 5]
[[0, 0], [1, 0], [2, 0], [3, 0], [4, 0], [5, 0]]
[0, 1, 2, 3, 4, 5]
[[0, 0], [1, 0], [2, 0], [3, 0], [4, 0], [5, 0]]
[0, 1, 2, 3, 4, 5]
[[0, -5], [1, 0], [2, -inf], [3, -4], [4, -inf], [5, -5]]
[1]
[[0, 0], [1, 0], [2, -5], [3, 0], [4, 0], [5, 0]]
[0, 1, 3, 4, 5]
[[0, 0], [1, -inf], [2, 0], [3, 0], [4, -inf], [5, 0]]
[0, 2, 3, 5]
[[0, 0], [1, -inf], [2, 0], [3, 0], [4, -inf], [5, 0]]
[0, 2, 3, 5]
[[0, 0], [1, -inf], [2, 0], [3, 0], [4, -inf], [5, 0]]
[0, 2, 3, 5]
[[0, -9], [1, -inf], [2, 0], [3, -8], [4, -10], [5, -9]]
[2]
[[0, 0], [1, -9], [2, -4], [3, 0], [4, -9], [5, 0]]
[0, 3, 5]
[[0, -3], [1, -9], [2, -4], [3, -2], [4, -13], [5, -3]]
[3]
Episode 0 finished
